1 (39, 2)
39 (1, 2) (96, 3) (101, 8)
52 (71, 1)
71 (52, 1) (104, 7) (111, 4)
96 (39, 3) (158, 8) (101, 5)
101 (39, 8) (96, 5) (158, 3) (104, 3)
104 (71, 7) (101, 3) (163, 5)
111 (71, 4) (170, 5) (113, 2)
113 (111, 2)
158 (101, 3) (96, 8) (196, 2)
161 (163, 2)
163 (104, 5) (161, 2) (239, 4) (165, 2)
165 (163, 2)
170 (111, 5)
194 (196, 2)
196 (158, 2) (194, 2) (239, 7)
239 (163, 4) (196, 7) (305, 14)
305 (239, 14) (424, 11) (367, 8)
318 (375, 3)
333 (370, 3)
366 (367, 1)
367 (305, 8) (366, 1) (424, 3) (370, 3)
370 (333, 3) (367, 3) (372, 2)
372 (370, 2) (429, 3) (375, 3)
375 (318, 3) (372, 3) (377, 2)
377 (375, 2) (436, 5) (379, 2)
379 (377, 2)
424 (367, 3) (305, 11) (443, 1)
427 (429, 2)
429 (372, 3) (427, 2) (505, 4) (431, 2)
431 (429, 2)
436 (377, 5)
443 (424, 1)
460 (461, 1)
461 (460, 1)
463 (464, 1)
464 (463, 1)
481 (505, 6)
505 (429, 4) (481, 6) (524, 1)
524 (505, 1)

